SampleA = [[-0.26436244  2.06425101]
           [-2.37980509 -1.20815215]
           [-2.58008385 -2.0985715 ]
           [-0.99182483  0.40532395]
           [-2.35298289 -1.19921921]
           [-0.088609    1.46397554]
           [-1.36481771  1.20517033]
           [-0.80231029  1.39103881]
           [-0.82031769  1.50740471]
           [-0.95578733  0.4699077 ]
           [-0.36882667  2.28769372]
           [ 0.30486814  2.2283791 ]
           [-1.84375443 -0.63733283]
           [-1.61632482  1.41378173]
           [ 0.00501658  1.85630433]
           [-1.38378393 -0.03321356]
           [-1.05251477  1.69128332]
           [ 0.31473932  1.56610092]
           [-1.50749516  0.14893287]
           [-1.46838163 -0.13495142]
           [-1.15601402  1.45990912]
           [-1.76948011  1.38154245]
           [-2.27032472 -0.2013027 ]
           [-0.74971675  1.20055567]
           [-1.83270594 -1.56912642]
           [-0.83260013  1.35034954]
           [-1.69623965  0.23150245]
           [ 1.54081113  2.62715136]
           [-0.03781514  3.21980173]
           [ 0.33647524  1.38302971]]


SampleB = [[ 0.50480269 -0.8595243 ]
           [ 2.12631376 -0.40588157]
           [ 0.96102095 -0.89540001]
           [ 0.21542733 -1.48592055]
           [ 0.34640588  0.10311699]
           [ 0.70205594  0.18206178]
           [-0.0031605  -2.54795728]
           [ 1.07651253 -0.31112093]
           [-0.13244489 -1.2784308 ]
           [ 0.04531333 -0.59725611]
           [ 0.25350397 -1.74880276]
           [ 0.38669165 -1.57837649]
           [ 0.44758641 -0.22856069]
           [-0.36450952 -0.77027268]
           [ 0.36668203 -0.55905819]
           [ 1.39896103 -0.79891693]
           [ 0.20277905 -0.67569133]
           [-0.65652876 -0.25235505]
           [ 1.53706646 -0.03531933]
           [ 1.1792673  -0.5066273 ]
           [ 0.95181083  0.15476961]
           [-0.50245373 -1.84571815]
           [ 0.34148316 -1.61394333]
           [ 1.33762833 -0.71637223]
           [-0.71742679  0.01838429]
           [ 1.88080539 -0.3811363 ]
           [ 1.60577076  0.68325755]
           [-0.1470361  -0.84635457]
           [ 0.26021979 -0.35310571]
           [-0.33442215 -0.72556742]]